's-Hertogenbosch,2849;3195;5277;658
Accra,1067;1329;1374;1532;1853;1967;2046;3615;4072;4154
Ad Damman,1209;1433;1513;183;2005;2103;2261;2906;3790;4108;4160;4164;5062;5175;5355;5419;5477;5848;5935;6206;670;713;730
Ajman,1245;2759;2798;2999;3787;4160;4445;4789;5514;5551
Alajuela,1053;1402;1430;1506;1638;1682;1699;1756;1785;1803;1839;2069;2185;2411;2462;2464;2607;2609;2810;2942;3130;3229;3248;3316;3406;3535;3587;3629;4106;4135;4184;4269;4452;4506;453;4552;4714;5031;5361;544;5620;582;5963;6065;6116;6135;6169;6449
Almaty,1314;1550;1645;1647;1916;2727;2813;3164;3395;3637;3828;3904;3975;3994;4062;4658;486;4887;5029;530;537;5558;6113;619;6288;6476;704;872;916
Amman,1351;1371;2166;2187;2293;2359;237;2536;26;2630;2775;2869;304;3508;3657;3968;4159;4324;4358;4384;4701;4711;4826;4915;5007;5065;5488;5780;5843;5881;6003;6175;635;6472
Antwerpen,1058;1114;1220;1226;1387;1561;1573;1653;1861;1862;191;2034;2139;2143;2257;2375;2394;240;2428;2431;2448;2606;2702;2849;3014;306;3082;3251;3312;3372;3476;3672;3701;3820;3831;3842;4008;4047;410;4130;4143;4210;4438;4442;458;4625;4656;4721;48;4825;483;4993;5075;5081;5149;5440;5444;5490;555;5719;5829;6263;6326;6378;6454;828;900
Asuncion,1034;1081;1091;1102;1112;114;1192;1206;1227;1229;1270;1274;1308;1368;1391;1392;1420;1424;1467;1503;1531;1537;1540;1565;1611;1677;1680;1684;172;176;177;1860;1879;1913;1923;1927;2039;213;2216;2283;2301;238;2385;2401;2442;2449;2470;2551;2593;2624;2646;266;2708;2792;2871;2938;2965;2991;3004;3042;3067;3111;3166;3179;3257;339;3479;351;3512;3513;3581;3619;3623;3647;3662;3676;3697;3723;3764;3766;3776;3785;3874;3965;3972;4016;4041;4045;4052;4140;4200;4278;4297;434;4362;4390;4419;4466;4504;4512;4515;4524;4530;4569;4580;4610;4632;4655;470;4713;4736;4755;4790;4821;4920;4941;4953;4973;5045;5098;510;5172;5246;5269;5279;5327;539;5401;5493;5520;5529;5616;562;5661;5715;5771;579;5800;5820;5885;5916;5934;5973;5976;6074;6094;6111;6121;6129;6131;6132;6152;618;6188;6213;6234;6265;6364;6442;6473;6477;6524;667;741;755;797;86;88;880;904;926;941;955
Auckland,1340;159;1977;2371;2658;3246;366;391;4087;4600;4892;532;6272;638;915
B'abda,1189;1490;1852;2014;2111;2218;2380;254;3099;3548;3636;4084;4783;506;5794;787;79
Baku,1543;1686;1874;2037;2126;2634;2921;3174;3185;3285;3359;3722;4558;4806;5057;529;5298;5858;6501
Banda Aceh,1750;1834;2092;2226;2398;243;3416;373;3773;3794;399;406;4617;4756;4906;5171;5200;5232;5234;5632;5666;5669;5748;5901;5986;6201;6264;6427;6455;737;803;854
Beirut,1189;1260;1282;1490;1689;1707;1852;1943;1980;2045;2111;2218;2309;2329;2339;2380;251;254;2620;2674;2869;3075;3099;3170;3196;3218;3287;3410;3478;3532;3536;3548;3630;3636;3669;3926;402;4020;4084;4161;4193;4238;4250;4379;4407;4429;4783;4928;506;5192;5376;5561;5667;5747;5794;6194;625;689;775;787;79
Bogota,1000;1020;1032;1089;1185;1190;120;1213;1246;1361;1362;1413;144;15;1502;1526;1533;1535;154;1554;1556;1558;1564;1605;1620;1631;1675;1709;1726;1742;1746;1749;1757;1760;1789;1806;1869;1873;1924;1945;1961;1993;2023;2040;2134;2184;2204;2237;233;2372;2419;2433;2446;2471;2523;2529;2553;2569;2577;2584;267;2693;2715;2721;2777;2884;2916;30;3034;3055;3070;3089;3094;3113;317;3187;3199;3229;3240;3289;3313;3320;3358;3386;3406;3447;3470;3481;3506;3598;3602;3613;3661;3671;3694;3789;3792;3799;3868;3873;3875;388;3948;3951;3959;3970;3996;3998;4000;4023;4109;413;4166;417;4174;418;4214;4230;4256;4350;4374;4376;438;4380;4389;4424;4476;4486;4536;4543;4565;4574;4630;4679;4680;4706;474;4793;4844;4845;4868;4876;4905;4929;4952;4974;4976;502;5042;5089;5116;5123;5148;5151;5156;5169;5250;5251;5267;5306;5314;5322;5357;5387;5416;5424;5447;5448;545;5484;5512;5541;5542;5570;5579;5607;5612;5613;5619;5653;5680;5733;5840;588;59;5903;5917;6013;6019;6038;6041;6053;606;6140;6168;6221;6230;6231;6317;6372;6434;6438;6443;6496;6507;668;67;678;685;733;796;814;818;859;959;966
Bologna,1666;2053;2260;293;3210;3307;3405;3644;372;3907;4540;5021;691
Bolu,3461
Brasilia,100;1003;1019;1029;1059;1099;115;1262;1294;1305;1472;1476;1504;1507;1508;1509;1544;1577;16;179;1838;1929;1939;1979;2006;2028;2036;2084;2108;2124;2136;2147;2181;223;2236;2262;2265;2274;2308;2429;2476;2491;2541;2572;2597;261;2660;2728;2760;2788;2796;2819;2834;2850;2859;2862;2902;2937;2957;2989;3030;3063;3123;3124;3168;3172;3197;3208;3209;3213;3236;3244;3254;3283;3345;3352;3399;3408;3495;3516;3560;3576;3625;3632;3650;3730;3836;3882;3883;3885;3893;3898;3958;3961;3963;4022;4048;4051;4075;4076;4114;4123;4131;4167;4183;4212;4267;4298;4344;437;4408;4414;4416;4422;4456;4497;4545;4547;4603;4621;4642;4648;4649;4716;4738;479;4816;4842;4908;4942;5009;5038;5093;5118;517;5208;5247;528;5391;5453;5455;5457;5466;549;5507;5531;5546;5566;5575;5591;5615;5634;5645;5726;5735;5740;5749;5832;5852;5864;5869;5875;5910;5926;5953;5958;598;5989;5990;6058;610;6114;6119;6123;6154;6179;6187;6241;626;6321;6338;6346;6370;6382;639;6445;6515;672;676;679;70;729;770;798;82;866;908;918;927;994
Bruges,107;1573;1589;1861;1863;1895;1910;1991;2009;2365;2431;2955;3050;3312;3549;4110;4327;4358;4440;4442;4656;5095;5440;5494
Bucharest,1525;3176;3751;3902;4346;4398;4484;4485;4581;4930;5428;5445;5984;6261;6276;654;769
Budapest,1005;1073;1098;1141;1237;1265;1376;1471;1614;1615;1628;1644;192;2067;2145;220;2229;2240;2305;2310;2540;2619;2631;264;2664;2672;2751;2832;2865;3288;3301;3361;3397;34;3421;3483;3639;3649;3710;3712;3881;3910;3913;3919;4030;4306;445;4592;4645;4749;4923;493;5002;5058;5097;513;5149;5242;5244;5346;5433;5451;5497;5723;5777;5827;5847;5907;6030;6090;6148;6393;6459;647;715;76;837;845;903
Buenos Aires,1010;1017;1052;1139;1200;1217;1284;1315;1318;1322;1343;1415;1428;1457;1515;152;1539;155;1591;1600;1602;1608;1622;1662;1665;1669;168;1733;1735;1793;1796;1812;1854;1880;1936;1959;196;1970;2008;2019;2023;2041;2094;214;2148;2170;2171;2173;2196;2251;2277;2306;2331;2338;2343;2401;2416;2426;2434;250;2509;2512;2527;2587;2588;2594;2618;2642;2668;2710;2729;2731;2764;2773;28;2855;2862;2875;2950;2974;2995;3004;3016;3028;3036;3068;3072;312;3131;3132;3153;3177;3206;3241;3265;330;3331;3334;3375;3412;3450;3451;349;3526;3533;3534;3553;3566;3584;3650;3682;3683;3686;3696;3768;3800;3865;3980;404;4112;4122;414;420;4223;4240;4267;4301;4313;4380;4450;4462;4498;4511;4520;4521;4586;4598;4611;4629;464;466;468;4691;4727;4736;4737;4781;4804;4808;4830;4874;4893;4894;4896;4900;4904;492;4920;4944;5011;5025;5034;5085;5130;5161;5220;5236;5271;5280;5286;5313;5321;5338;5390;5472;5552;5554;5580;560;5642;5655;5678;5691;5779;5785;5802;5814;5942;597;6009;6020;603;6056;6064;6110;6142;6146;6177;6179;6231;6253;6364;6488;6493;6499;6516;6522;688;721;723;75;762;792;807;896;909;932;962;984
Cairo,1107;1177;1223;1354;1621;188;2209;2282;2439;2518;256;2968;3051;3071;308;3126;3277;3344;371;3721;380;392;3939;3984;4266;4291;4640;4684;4824;4877;4913;4962;5061;5317;5332;5789;5790;5935;6014;6368;6391;650;750;789;921;935
Calgary,1485;1551;2013;2071;2146;2347;2377;3267;3279;3284;442;4489;5638;920;94
Cali,1709;1804;1819;2138;2198;2693;3034;3055;3070;3086;3182;3313;3384;3390;3774;3793;3868;388;3905;4476;5160;5299;5314;5348;563;5680;5891;6008;6130;6510;717;966
Callao,1242;1488;1603;1770;1984;2086;258;3122;3869;4065;4215;4247;455;4689;4695;481;4822;4831;4850;489;6207;6320;6453;867;90;91
Cape Town,2340;2745;3634;3761
Caracas,1247;165;1741;2152;2508;2682;3160;3370;3830;4675;6239;6465
Casablanca,1728;1828;189;2814;2866;3778;3879;4441;4734;5056;508;5480
Chang Rai,1;203;3018;3032;3095;3118;3144;3809;4063;4201;4213;4560;4828;5260;5536;575;5924;5936;862
Chios,4101
Colombo,1012;1050;1171;1261;1411;1775;1830;1902;2080;2290;2345;2357;2432;2474;2596;2988;3115;3162;322;3250;3391;3488;3702;3724;3803;3887;4102;4117;4136;4152;4187;4367;4383;4444;4453;4461;4494;4602;4634;4702;4718;4754;4786;4954;4964;5066;5186;5193;5211;5404;546;5465;5549;5629;5656;5886;6010;6015;6035;6105;6158;6279;6356;6435;6439;6491
Concepcion,1219;1370;1401;1576;1697;1762;1809;1990;2035;2193;2344;2445;2530;2651;2681;2701;2791;2855;3021;3031;3035;3053;3082;3134;3233;3338;3354;3411;3425;3464;3646;3718;3817;4013;4067;4078;4138;4151;4175;4179;419;4243;4258;4345;4410;4490;4532;4612;4636;4663;4724;4803;4966;5041;5102;5121;5128;5228;5254;5266;5323;5326;5422;5423;5456;5468;5506;5854;590;5915;5955;6007;627;6365;6410;6413;6519;6521;722;723;891;924;939
Copenhagen,1014;1784;207;2468;2647;2987;3219;5222;581;5940;6485;6497
Cordoba,2008;2527;263;2893;3009;3291;4257;4284;4312;4313;4520;4781;4920;5271;5286;5788;6055;6109;6389
Cuiaba,1046;1071;1093;1165;1426;1458;2010;247;2571;2876;3389;3596;3829;4221;4282;4289;4375;4472;4526;4871;4990;5382;5510;979
Davao,1202;1280;1298;135;1499;1767;181;187;2031;2057;2177;227;2279;2304;235;2368;2397;2410;25;2611;2669;2742;2772;2817;2822;29;3015;3631;3658;3832;3878;3895;3937;3991;3993;4158;4219;4226;4274;4588;4843;4943;4984;5166;5215;5263;5285;5288;5395;5411;5518;5557;5577;567;5695;5730;5752;5932;6077;6085;6157;6181;6195;6233;6262;6308;6366;6506;660;714;774;799;801;892
Doha,1357;3903;3928;423;4242;4865;5007;5086;6069
Dublin,1129;1225;1412;1482;1663;2089;2614;2666;2671;2752;2858;2913;2983;3107;3136;3344;3579;3600;3665;4334;4605;4733;4820;5059;5136;5162;5233;5458;548;5676;5713;5876
Edmonton,1417;1438;1889;2087;2455;2781;2985;3808;396;452;471;4861;5082;6218;6327;920
Fawley,1815;2453;2823;3296;3962;5319;5826
Florence,1815;2152;2513;2738;2762;2981;3173;3681;3720;954
Fort-De-France,1035;108;1155;1363;1379;1500;1567;1695;1963;2027;206;2197;2243;2273;2320;2414;260;2734;2761;2806;2852;2951;2954;2959;2971;3058;3103;3203;3239;3253;3271;3328;341;3441;3457;3531;3547;3565;3567;375;3779;3796;3852;3995;4025;4037;4044;4094;4137;4292;440;4468;4488;4503;4509;4533;4615;4683;4909;5268;5270;5353;5432;5722;5816;5838;6017;6022;6118;6197;6227;623;6313;6375;739;812;970;997
Frankfurt,1090;1479;151;1617;1678;2952;3139;3264;3707;3739;4391;4431;467;4972;5564;6198;736;745;906
Fremantle,1169;1409;1559;1731;1833;5598;6060;674
Giza,1177;1309;1354;2282;2439;2536;2968;308;3126;3245;3344;3984;4291;4539;4604;4746;475;4824;4913;521;5482;5665;5789;6014;6368;6374;789
Guayaquil,1289;1304;1649;214;2654;2860;2874;3527;3610;3819;3872;3922;4126;427;4473;4583;4624;4686;4794;490;5023;5123;56;5791;6070;6095;6191;6350;6418;6481;66;710;80;964
Halfway Tree,1841;218;2578;2885;296;3260;3700;3812;4125;4237;4307;4369;4650;4818;4864;5053;5258;5751;6225;886
Hawalli,1022;1037;1049;105;1064;1092;1122;1137;1146;1156;1158;1210;1271;1278;1299;1339;1344;1350;1353;1367;1388;1390;1397;1398;1410;1432;1443;1459;1464;1466;1527;1547;1553;1562;1607;1639;1640;1716;1723;174;1748;1792;1805;1814;1824;1829;1848;1870;1877;1897;1903;1904;1926;1935;1971;198;1996;202;2026;2033;2044;2061;2096;2110;2141;2157;2158;2159;2160;2161;2175;2187;2189;2225;2235;2247;2250;2263;2286;2317;2327;2358;2361;2367;2384;2386;2409;241;2435;2436;246;2475;2478;2480;2482;2484;2507;2514;2525;2534;2546;2549;2570;2586;2601;2604;2615;2635;2643;2679;2690;2695;2716;2733;2740;2763;2790;2793;2804;2816;2818;2829;2830;2857;2880;2890;2898;2899;2907;2917;2918;2944;2963;2964;2978;2999;3027;3065;3076;3102;3108;3109;3110;3112;3155;3169;3205;3221;3225;3235;3237;324;3249;3259;3278;3281;3293;3302;3304;3308;3318;3346;3371;3403;3423;3435;3437;3460;3468;348;3491;3493;3501;3503;3504;3519;3521;3524;3530;3546;3557;357;3574;358;3622;3657;3670;3673;3690;3695;3740;3749;3750;3760;3762;3767;3770;3798;3813;3814;3855;3860;3863;387;3884;389;3891;3896;3914;3936;3979;398;3983;4004;4009;401;4019;4027;403;4036;4043;4071;4082;4128;4144;4146;4168;4181;4197;4206;423;4233;4236;4245;4262;4273;429;4294;4315;4338;4339;4340;4368;4370;4373;4386;4395;4396;4400;4415;4439;4445;4464;449;4517;454;4559;4561;4567;4572;4575;4577;4587;4593;4637;4646;4657;4684;4699;4717;4726;4741;4750;4752;476;4763;477;4784;4789;4795;480;4800;4810;4813;4829;4839;485;4867;4869;4877;4889;4891;4918;4924;4926;4932;4935;4940;497;4980;4982;4986;4992;4999;5032;5060;5072;5077;5119;5126;5129;5153;5154;5155;5158;5168;5178;5195;5197;5218;5243;5256;526;5275;5282;533;5341;5343;5352;5363;5372;5375;5385;5389;5392;5397;5405;5409;5414;5431;5438;5441;5470;5475;5481;5500;551;5514;5539;554;5543;5544;5551;5563;5564;5592;5595;5596;5600;5603;5617;5633;5658;566;5675;570;5710;572;5721;5734;5754;576;5761;578;5784;5841;5845;5846;5851;5912;5948;5964;5983;5998;6000;6001;6046;6068;6081;6093;6103;612;6125;6133;6134;6149;6162;6166;617;6199;6208;621;6217;6235;6246;6249;6256;6278;6286;630;6324;6332;6355;637;6411;6422;643;6444;645;6478;6514;656;697;701;718;720;73;745;749;760;768;772;78;788;804;819;861;873;921;944;961;965
Helsinki,1023;1136;1609;2076;2119;2300;2362;2408;2613;2647;2694;2698;2758;2928;3096;3507;3520;356;3735;3775;3862;4061;4198;425;4573;4707;4760;5483;5743;5860;6222;6412
Heredia,1053;1307;1321;1402;1430;1506;1654;1682;1756;1785;1807;1839;1951;2069;2185;2302;2411;2462;2464;2501;2537;2607;2609;2703;2724;2767;2810;2942;2946;3130;3229;3248;3316;3325;3406;3535;3587;3746;3854;397;4100;4106;4135;4184;4269;4452;4519;4552;4662;4714;4903;5031;5361;5429;544;5469;5620;5813;5931;5963;6065;6116;6135;6449;6513
Hermosillo,173;1949;2271;2947;3127;3677;3827;4054;408;433;4351;4500;4608;4628;5225;5459;6002;6141
Hiroshima,1248;157;1831;22;2313;2639;3104;3563;3578;3606;3725;4121;4217;5205;5538;5981;6089;6236;761;832;933
Ho Chi Minh City,1105;1418;1530;1788;1849;2131;3116;3511;3838;3867;4182;4209;4568;4570;4898;4945;518;5562;6138;6425;852
Houston,1054;109;1117;1148;1201;1211;1232;1523;1524;1598;1679;1706;1928;1956;2;2052;2073;236;2396;2413;2463;2516;2612;2655;2668;2670;2704;2779;2789;2794;303;3091;3189;3424;3485;353;3593;3599;363;3656;3674;3729;3784;3876;3933;3997;4095;4113;4270;4348;4349;4409;45;4541;4693;4723;488;4949;5216;524;5358;5585;5683;5783;5831;5883;5938;5968;5979;604;6080;6296;6336;634;6345;6371;6467;751;822;825;843;849;870;952;976;981
Inch`on,1657;2176;2521;4003;4007;4162;5004;5087;5325
Ipoh,1015;1163;1174;1240;1287;1332;1345;1347;1359;1360;1369;140;1408;1444;1549;1571;1574;1619;162;1624;1633;1715;184;186;1905;1940;2140;2281;2299;2378;2407;2566;2711;2812;2883;2888;2977;3008;3022;3056;3057;3077;3093;3120;3158;3194;320;3202;321;3220;3327;333;3380;3417;3429;3472;3480;3616;3628;3745;3748;3981;4035;4068;4097;4098;4133;4149;4163;4259;4366;4401;4492;4725;4855;4878;4883;4979;4997;5027;5312;5339;5344;5407;5434;5533;5545;5742;580;5888;5972;6006;6316;632;64;6407;6446;6508;671;777;839;877;999
Jeddah,1031;1043;112;1130;1382;1423;1595;1721;1811;183;1898;2005;2163;2209;2293;234;2355;249;2707;2811;286;2881;2912;3228;3292;3342;335;336;371;383;3930;3942;3999;4014;4038;4049;4089;4159;422;4370;4417;4579;4631;4697;4746;4765;4809;4827;4964;515;5175;5301;5332;5345;5355;5430;5435;5491;550;5648;5660;5734;5764;5778;58;5844;5944;601;6043;6088;61;6102;6139;6289;6359;6386;6470;6498;6503;711;730;757;771;869;917;990
Johannesburg,101;2228;2322;2680;287;2960;3060;3061;3165;3551;4333;4578;4638;4835;4946;5137;5439;5467;5535;5662;5900;6026;6029;716;759
Kaliningrad,1782;2638;2683;2751;2803;3300;3462;3871;3943;4074;4178;4352;4635;6176
Kuwait,1022;1037;1049;105;1064;1116;1137;1146;1278;1299;1344;1350;1367;1383;1388;1410;1435;1443;1459;1639;1640;1656;1659;174;1824;1872;1877;1903;1926;1971;198;2044;2106;2110;2158;2161;2175;2189;2235;2250;2263;2286;2317;2327;2358;2367;2384;2409;2475;2482;2484;2514;2534;2546;2586;2601;2604;2690;2695;2716;2740;2763;2793;2816;2830;2899;2918;2964;2978;2999;3027;3065;3076;3108;3109;3112;3146;3169;3205;324;3249;3278;3293;3308;3318;3371;3403;3435;3491;3501;3503;3504;3519;3524;3557;3622;3673;3690;3695;3740;3750;3760;3767;3770;3813;387;3884;3896;3914;3979;4004;4019;4036;4043;4128;4146;4197;4236;4262;4273;4294;4339;4340;4368;4386;4396;4400;4439;4458;4517;454;4567;4593;4637;4726;4741;476;477;4784;4800;4829;4839;485;4851;4858;4867;4877;4889;4918;4932;4940;499;5077;5119;5126;5129;5154;5158;5168;5178;5195;5197;5243;5275;5282;5341;5352;5372;5392;5414;5431;5475;5481;551;554;5544;5551;5564;5592;5595;5596;5600;5617;5633;5658;5710;572;5721;578;5841;5846;5851;5998;6000;6001;6081;6093;6103;6125;6134;6173;6208;6235;6246;6256;6286;6324;6332;6355;6422;645;6514;697;718;720;73;768;78;788;861;921;944
Kyiv,1018;1042;1056;1085;1134;1142;1160;1173;1199;1205;1249;1250;1263;130;146;1512;1592;1632;166;1661;1667;1674;1694;1712;1722;1754;190;1900;1907;1914;195;1958;2022;204;2059;2065;2078;2100;2109;2118;2150;2183;2267;2287;232;2350;2500;2564;2581;2627;2749;275;2786;2839;284;2841;2865;2879;2919;2930;2966;3;3003;3026;307;3097;3152;3222;3223;3252;3258;3273;3276;3309;3341;3396;3455;3469;3498;3523;3577;3635;3675;3703;3711;3738;3771;3816;3818;3822;3837;3888;3940;3946;3955;3976;3977;3985;3989;400;4056;4069;4073;4169;4229;4309;4321;4357;4406;4418;4432;4463;4474;4478;4481;4505;4528;4531;4556;457;4609;461;4618;4627;4647;4659;4719;4742;4743;4764;4779;4788;4798;4805;4863;4890;4921;4927;4939;4960;4961;50;501;5092;5096;511;5117;514;5146;5161;5196;5204;5229;5257;527;5300;540;5487;5489;5505;5508;5568;5582;5605;5643;565;5650;5770;5793;5803;5811;5835;5862;5867;5871;5892;5893;5918;5919;5925;5959;5993;5997;6;600;6004;6033;6051;6054;6062;6092;6163;6171;6184;6205;6242;63;6341;6348;6383;6398;6416;6457;6464;6486;657;680;682;702;705;712;719;724;791;794;823;850;857;907;925;940;947;973;974;977;99
Kyrenia,1126;1144;1276;1330;1396;1429;161;1994;2063;2066;2387;2393;2632;2726;2915;2984;3198;3497;3894;4101;4299;4969;5454;5495;5504;5527;6124;6229;628;6408;763
L'Ariana,1047;1938;2364;2494;2805;3000;3614;3795;41;4479;4614;5084;5159;5287;5550;5738;5762;5850;5969;6128;6137;6204;6319;6349;6451;6504;77;856;889;969
La Paz,1780;1999;2421;2747;2923;3317;3434;382;4336;4860;5063;5113;5278;5347;6211;6295
Lima,10;1026;1068;1069;1082;1084;1095;1097;1101;1125;1131;1138;1143;1147;1184;121;1216;1234;1235;1242;1259;126;1267;127;1311;1320;1322;1331;1334;1342;1346;1378;139;1393;1395;1399;1422;1434;1436;1451;1454;1475;1477;1480;1488;1493;1498;1526;1528;1542;1548;1557;1563;1572;1582;1603;1606;1638;1650;1655;1658;1664;1687;1690;1691;1692;1693;170;1703;1704;1718;1761;1770;178;1797;180;1821;1832;1844;1859;1866;1871;1885;1888;1901;1946;1948;1957;196;1995;1997;2050;2054;2062;208;2085;2086;209;2091;2113;2115;2116;2127;2167;2184;2186;2192;2208;224;2255;2270;2276;2321;2323;2332;2337;2342;2346;2363;2370;2388;2390;2392;2402;2412;2437;2452;2461;2481;2490;2493;2495;2512;2515;2529;2548;2558;258;2592;2602;2625;2648;2661;2667;2732;2737;276;2769;279;2828;2831;2833;2836;285;2867;2870;2877;2892;291;2914;294;3019;3025;3044;3059;3106;3117;3122;3129;3140;316;3161;3190;3193;3231;331;3311;3333;3352;3376;3387;340;3409;3415;3436;344;3443;3446;3452;3458;3466;3484;3489;352;3561;3580;3584;3607;3611;3620;3624;3659;3660;3668;367;3682;3685;369;3705;3732;3755;3826;3843;3844;3851;3869;3918;393;3944;395;3971;4031;405;4065;4079;4086;4099;4109;4115;4119;4134;415;4157;416;4186;4192;4199;4204;4208;4215;4222;4246;4247;4252;4253;4316;4330;4331;4332;4355;439;4392;4437;446;448;451;4513;4542;455;4606;4616;4622;4633;4674;4678;4689;4692;4695;4709;4710;4720;4761;4792;481;4822;4831;4850;4872;4880;4888;489;4895;4904;4911;4914;4919;4937;4957;4967;4971;4975;4981;4991;4996;5000;5017;503;5036;5037;5039;5042;5043;5052;5069;5073;5076;51;5114;5132;5134;5148;5162;5180;5199;5221;5297;5302;5330;5331;5335;5365;5373;5377;5394;542;5426;5442;5478;5496;5499;5515;5522;5537;5614;5618;5639;5649;5687;5689;569;5699;5705;5725;573;574;5765;5767;5798;5808;5828;5836;5849;587;5897;5950;5962;5967;5970;5987;6023;6024;6034;6048;6063;6072;6078;6086;609;6153;6165;6167;6186;6207;6223;6224;6251;6283;6290;6291;6293;6307;6320;6322;633;6337;6360;6363;6367;6373;6392;6406;6414;6415;6420;6421;6431;6447;6453;6456;6484;6496;6509;663;664;687;690;692;696;726;740;742;746;773;795;802;81;810;831;835;836;846;853;865;867;875;888;90;91;919;928;932;942;972;987;989;992;998
Lisbon,110;1109;1197;1224;1279;1380;14;1487;1660;1695;1881;1892;1960;210;2180;2316;2403;2460;2499;2505;2531;2626;2685;2886;2935;2948;2970;2990;3184;3265;329;3374;3439;3653;3678;3714;3727;3763;3769;4062;4104;4172;4202;4355;4365;4431;460;4673;4728;4823;4899;4995;5240;5264;538;5388;5427;5597;5631;5685;5824;6059;6254;6277;6323;6469;816
Manado,1119;1168;1181;128;1341;1364;1416;158;1587;1594;1599;1610;1616;1642;1837;1896;1912;1986;1998;2000;2107;2201;2291;2341;2349;2360;2417;2532;2539;2623;2684;2717;2795;2891;2901;2905;2953;2967;2979;3098;3212;3216;3242;328;3280;33;3442;3570;3604;3642;3648;3692;3801;3870;3877;3892;3931;4064;4211;4304;4467;4471;4549;4677;4785;4799;4819;4958;4987;5100;5150;5161;5324;5378;5393;5509;5556;5602;5630;5718;5737;5801;5887;6021;6028;6061;6087;6200;6209;6210;6314;6385;649;662;753;820;883;95
Manama,2263;730
Minsk,1001;1149;1159;1188;1208;1255;1333;1337;1463;1505;1545;1590;1630;1701;1759;1768;1783;1835;1875;1942;2001;204;2068;2078;2123;2128;2130;2259;2312;2547;2687;2784;3085;314;3150;3247;3348;3360;3550;3564;3781;3811;3848;3955;4070;4195;4260;428;4281;4293;4300;4361;4397;4406;444;4571;4641;4698;4758;4766;4791;4837;4863;49;5074;5090;512;5127;5167;5184;5189;5245;5259;5261;5502;5548;5628;5690;5693;5704;5744;5769;5806;5927;6049;611;6115;6120;6127;6155;6203;6232;6275;629;6300;6397;6437;681;708;719;848;93;948;949;97;996
Muscat,153;219;3006;3232;3322;3353;3505;3554;3573;3597;3728;3791;4787;4881;5734;666;785
Nairobi,1011;1045;1118;1170;122;1251;1377;1414;1448;145;1585;1887;199;2064;2082;2253;2366;2406;244;2451;2519;2617;2799;2847;3069;3151;3238;3298;332;3440;35;37;3889;3925;4034;4607;4812;4834;5022;5094;516;5187;5360;5380;5384;5526;556;5573;5594;5796;5826;5913;6098;6271;6304;6369;644;767;808;841;930;950;991
New Delhi,1335;1708;1713;1781;1992;2093;2840;3081;3255;3256;3268;3445;3539;3857;3987;4251;4261;4311;4589;5047;5124;5328;5329;5425;5597;6269;6303
New Orleans,1135;118;1407;1627;1670;2099;2190;2477;2543;2573;2768;2780;2969;3095;3133;3147;3324;3525;3758;3835;384;4001;4091;4191;4385;4469;4620;4703;478;4857;4983;5624;5768;5819;585;5863;5870;5920;5928;5941;616;6192;6193;6394;993
Nicosia,1126;1144;1276;1310;1330;1396;1575;161;1994;2387;2393;2610;2632;2915;2925;2984;2990;3497;3894;4101;4111;4299;4326;4402;4769;4969;5454;5464;5495;5622;5732;6229;628;6408;763
Nueva San Salvador,1228;1400;1501;171;1972;2021;2095;2328;2524;2633;2765;3088;3229;3230;3350;3398;3496;365;3744;378;3945;3950;4277;4283;4451;4525;4557;4956;5252;5253;531;5383;5528;571;5714;5774;5853;5895;6150;616;693;957
Odesa,1030;1056;1094;1172;1580;1596;1661;17;1777;1914;1985;2059;2078;274;2827;3276;3337;3523;3538;3542;3577;3626;3638;3641;3666;3704;3738;3888;3916;4264;4265;4508;4531;4562;4641;4744;4747;4751;4798;4879;501;511;5117;5131;5146;5229;5295;5296;5311;5349;5356;5727;5770;5793;5811;5834;5896;60;600;6205;6212;6243;6383;651;719;809;823;937;940
Panama,1055;1080;1089;1096;1131;119;1221;1231;1241;1254;1272;1327;1355;1437;1439;1446;147;1494;1581;163;1772;1807;1820;1937;1944;2102;2144;2178;2278;229;2420;2441;2454;2498;2517;2520;2645;2665;2718;2746;2767;2787;2825;2894;290;2908;2973;3038;3043;3073;3159;3227;3266;3305;3362;338;3433;3929;3973;4050;412;4120;4132;4207;4305;4320;4341;4380;4421;4529;4537;4639;464;4682;4694;4722;4757;4854;4876;4910;4933;4951;4955;4988;4989;5006;5088;5091;5109;5207;5209;5214;5226;5276;5340;5364;5403;5476;5498;5503;5523;5530;5540;5578;5609;5647;5668;5673;5692;5696;5750;5753;5818;5837;5878;5894;5943;5957;6011;6039;6164;6266;6285;6315;6502;6513;652;665;69;709;884;951;968;971
Paris,1024;1025;1040;106;1070;1083;1103;1109;1128;1154;116;1172;1178;1212;1214;1218;1226;1252;1279;1315;1326;1344;1365;1375;1379;1384;14;1456;148;1489;1490;1492;1500;1529;1618;1620;1652;1657;1671;1673;169;1695;1700;1727;1734;1738;1741;1817;1818;1847;1867;1878;1882;189;1953;1980;2012;2025;2043;2121;2132;2149;2165;2230;2232;2242;2248;2338;2340;2379;2391;2422;2425;245;2465;2473;2482;2483;2487;2489;2497;2513;2523;2526;2535;2563;2712;2755;2842;2910;2917;293;2931;2955;2958;2972;2980;2982;2992;3095;3145;3175;3215;3243;3294;3297;3299;3332;3377;3381;3422;3426;3490;3587;3609;3618;3682;3715;3736;3739;3759;3775;3777;3783;3802;3846;3858;39;3917;3927;4026;4033;4058;4173;4196;4204;4276;431;4379;4404;4446;447;4479;4523;456;4652;4668;4745;4767;4801;4847;4848;4893;4938;494;4947;4948;4950;4994;500;5001;5015;5016;5050;5071;5078;5108;5179;5234;5249;5273;5315;5320;5354;5368;5394;5449;5463;548;5485;5567;5599;5634;5677;5679;5681;5706;5728;5738;5750;5757;5821;585;5868;589;5940;5991;6031;6040;6047;6059;6096;6129;6151;6172;6178;6197;622;6254;6267;6270;6305;6309;6312;6331;6340;6358;6387;6428;6470;691;699;747;758;811;829;833;840;885;893;894;902;913;970;978;980;983
Perth,1169;1478;1559;156;1731;1833;2386;3066;318;3753;4279;4518;5462;559;5598;6060;6339;6500;674;851
Phuket,1115;2599;3379;4010;484;4922;5176;5237;5859;6107;6145
Pinang,1013;1015;102;1039;1087;1100;1121;1132;1150;1151;1161;117;1191;123;1240;1258;1266;1285;129;1300;1312;1316;1323;1328;1356;1359;1369;1389;140;1419;142;1461;1465;1483;1546;1549;1566;1574;1624;167;1676;1681;1683;1702;1725;1764;1779;1787;1799;18;1808;1840;1845;1846;1856;1868;1876;1917;1920;1947;1969;2007;201;2024;2051;2056;2058;2077;2097;2125;2154;216;2191;2210;2234;2239;2245;2252;2254;2266;2285;2289;2295;2311;2354;2369;2447;2456;2472;2568;2585;2600;2657;2709;271;2711;2720;2723;2748;2750;2785;2808;2821;2844;2848;2883;2887;2911;2920;3002;3007;3008;3022;3057;3077;3093;310;3119;3121;3188;3194;3204;321;3220;323;3327;3339;3343;3367;3369;3373;3380;3427;3431;346;3472;3474;3482;3544;3558;359;360;3655;3709;3716;3773;379;3805;3810;3834;3841;3850;3864;3900;3921;3923;3934;3960;3964;3981;4002;4017;4038;407;4098;4105;4133;4149;4239;4263;4271;4287;4310;4314;4322;4360;4366;4393;4394;4399;4401;4430;4447;4465;4477;4492;4493;4501;4518;4596;4617;465;4672;473;4730;4735;4768;4855;4866;4878;4885;4901;4902;4912;4916;4917;4959;4963;4978;4997;4998;5024;5027;5101;5103;5105;5141;5145;5217;5227;5339;5344;5399;5406;5408;5410;5412;5436;5450;5516;553;5532;5533;5560;5565;5576;5581;561;5670;5671;5688;5731;5805;5861;5865;5873;5882;5888;5889;5909;592;5923;5929;593;5930;595;5972;5986;6005;6060;6067;607;6071;6096;6122;6183;6202;6238;6245;6247;6250;6257;631;6316;6329;6334;6357;636;6388;6399;6404;6405;6474;6482;6505;6511;6512;6523;673;686;694;727;728;756;765;766;779;805;838;847;855;860;868;881;897;912;92;958;98;988;999
Piraeus,1041;1077;113;1273;1336;1380;1453;1484;1510;1536;1685;1745;1776;1791;185;2038;2047;2098;2105;2155;2217;2222;2258;2298;2356;2467;252;2538;2560;265;2662;2676;2700;2730;2739;2878;2932;2940;3011;3033;3054;3079;3083;3269;3286;3357;3363;3368;337;3518;3608;3653;3726;3758;3804;3815;3823;3824;3861;390;3932;3938;3953;3957;3967;4005;4080;4083;4124;4147;4189;4317;4329;4353;4428;4457;4510;4743;4770;4836;4838;4859;496;5012;5044;5058;5080;5099;5265;5291;5337;5351;5359;5362;5369;5386;5418;5420;5437;5485;5519;5589;5720;5724;5736;5807;5812;5823;5939;5960;602;6159;6282;6284;6294;6342;6380;6419;754;83;874;876;956;967
Port of Spain,1275;133;205;2673;2736;298;3400;3906;4085;4237;4372;543;5513;5746;5975;6052
Porto,1027;1954;2088;2316;2903;2935;2970;3080;3552;3559;3605;3727;3763;3765;3859;4062;4202;4582;4833;487;4995;5019;5240;5770;731
Prague,1620;2100;2303;2404;2982;3910;3992;4155;4460;4753;5317;5318;5451;5461;5743;5786;6252;980
Puerto Presidente Stroessner,1038;1424;1565;172;1724;177;1843;1913;1931;231;2333;238;2399;2401;266;2710;2722;2764;2773;300;3004;3042;3045;3153;3459;3662;3853;4139;4268;4280;432;4328;4335;4466;4498;4564;4655;4871;5172;5236;5501;557;5571;6306;6448;755;926
Pusan,1583;1609;1766;2231;2238;2457;2521;2595;2686;2909;311;3137;3219;3529;3698;4007;5040;5904;6143;6281;641;863
Quezon City,1004;1006;1016;103;1057;1065;1072;1078;1079;1086;1088;11;1133;1167;1175;1176;1182;1186;1187;1193;1194;1195;1198;1207;1243;125;1256;1268;1269;1277;1286;1290;1297;1298;1302;131;1313;132;1325;1338;134;1352;1358;1373;1382;141;1421;1425;1431;1441;1445;1450;1460;1468;1469;1470;1473;1486;149;1497;1511;1517;1521;1534;1538;1552;1555;1569;1588;1593;1634;1641;1643;1646;1688;1698;1705;1717;1719;1729;1732;1743;1744;175;1763;1773;1786;1790;1816;182;1827;1842;1858;1883;1890;1893;1906;1919;1930;1932;1962;1966;1975;1981;1983;2002;2003;2011;2016;2017;2020;2029;2055;2072;2074;2090;21;2114;212;2129;2133;215;2153;2156;2164;2194;2213;2215;2223;2233;2241;225;226;2264;2272;2275;228;2297;2304;2324;2348;2353;2368;2373;2381;2383;2389;239;2395;2397;2400;2410;2415;2418;242;2423;2424;2438;2466;2485;2486;2488;2496;2502;2503;2504;2506;2510;2533;2552;2554;2557;2561;2567;2574;2575;2576;259;2598;2608;2621;2636;2640;2644;2649;2650;2656;2669;2692;2697;2699;2705;2719;2725;2741;2754;2757;277;2778;2802;2815;2838;2843;2845;2851;2853;2854;2861;2863;2872;2889;289;2895;2896;2897;2904;292;2926;2929;2933;2936;2945;295;2956;2962;2986;2993;2998;3001;301;3010;3012;3017;302;3037;3040;3041;3046;305;3052;3064;3087;3090;3092;3105;3114;3125;3135;3141;3149;3167;3181;3183;319;3191;3200;3207;3214;3217;3224;3226;325;3270;3303;3314;3319;3323;3335;3355;3378;3382;3392;3393;3402;3404;3419;342;3420;3428;343;3430;3444;3448;3456;3473;3477;3487;3499;3502;3510;3517;3522;3537;354;3541;3543;3545;355;3569;3571;3583;3585;3589;3590;3591;3595;3601;3621;364;3640;3651;3652;3664;3667;3679;368;3687;3688;3693;3699;3708;3713;3734;3737;3742;3752;3754;377;3788;3806;3840;3849;385;3866;3878;3897;3909;3924;3935;3954;3986;3990;4012;4018;4021;4029;4032;4040;4042;4055;4081;4088;4092;4103;411;4142;4150;4153;4156;4165;4170;4180;4190;4194;4205;4232;4235;4249;4255;4286;4295;43;430;4308;4342;4343;4354;4359;4371;4377;4382;4387;4403;4411;4433;4434;4436;4443;4448;4459;4495;4496;4507;4514;4516;4527;4534;4538;4544;4546;4554;4566;4584;4585;4590;4591;4594;4595;4597;4599;4601;4613;4643;4651;4654;4660;4667;4670;4676;4685;4696;47;4704;4715;472;4731;4732;4745;4759;4773;4776;4780;4782;4814;4815;4817;4832;4862;4875;4882;4884;4886;491;4924;4936;4965;4977;5;5003;5018;5026;5030;5035;504;5048;5049;505;5050;5051;5054;5055;5064;5068;5070;5104;5106;5110;5111;5135;5138;5139;5152;5157;5165;5170;5173;5174;5182;5185;519;520;5201;5206;5224;5231;5274;5285;5289;5292;5294;5304;5307;5308;5333;5334;5336;534;5342;535;536;5366;5367;5371;5379;5381;5398;5400;5402;541;5415;5417;5421;5446;547;5473;5479;5486;55;5511;5521;5547;5553;5586;5623;5625;5637;564;5640;5651;5652;5657;5663;5664;5697;5702;5703;5707;5716;5739;5745;5752;5755;5758;5763;577;5773;5782;5792;5797;5799;5809;5825;583;5833;5839;584;5872;5874;5880;5890;5908;5933;5937;5946;596;5961;5965;5971;6027;6037;6044;6057;6077;608;6082;6083;6097;6117;613;6144;6157;6161;6189;62;6220;6228;6237;624;6248;6268;6273;6280;6299;6302;6328;6335;6362;6376;6381;6395;6400;6403;6424;6426;6429;6432;6433;6436;6441;6450;6452;646;6460;6466;6468;6471;6475;648;65;655;659;660;669;735;744;752;764;8;821;827;85;87;871;89;890;892;905;911;914;929;934;953;960
Quito,1075;1283;1405;1857;2653;2874;3023;3142;3922;394;427;4381;4583;4852;5250;5262;5711;5791;6036;6095;6298;66;710
Riga,1028;104;1124;1166;1215;1236;124;1301;1315;1381;143;1570;1597;164;1714;1752;1891;19;1909;194;1941;2169;2220;2259;23;2330;257;2580;2652;2671;2675;2784;2809;283;2856;2924;2943;2997;3078;3084;3128;3265;3351;3388;3418;3586;3592;3706;3807;3911;4;40;4006;4061;4090;4096;4107;4148;4188;42;4218;4248;4323;435;443;4435;4535;4563;4576;4690;4849;4907;5028;5122;5147;5238;5241;5272;5370;5427;5583;5641;5701;5717;5760;5877;5879;5922;5977;6076;6091;6106;6185;6232;6244;6489;6494;6518;7;732;781;826;895;936;945
San Juan,1145;1317;2112;2314;27;3310;3486;3500;3756;3757;3821;3956;4141;4196;4216;4231;4380;439;4423;469;4740;4748;4762;4840;4985;5223;525;5255;5644;5673;5978;5992;6255;6325;6351;6490;68;738;748;793
San Salvador,1074;1228;150;1972;2021;2095;2122;2206;2328;2524;2537;2633;2765;3067;3088;3350;3398;3496;378;3945;3947;3950;4451;4525;4557;4956;5115;5252;531;5383;5528;571;5714;5774;5853;5895;5966;6150;616;6196;6330;684;693;707;84;957
Santo Domingo,1060;1076;12;1203;1233;1291;1514;1560;1726;1798;1864;2004;2179;24;2450;2603;270;2756;2820;2846;2873;3192;3407;3432;3572;3575;3684;376;4028;409;4129;4302;436;4412;4437;4487;462;4626;4771;4968;4970;5014;507;5143;5164;5194;5214;5248;5303;5636;5672;5708;586;5914;5921;5952;6215;6226;6310;6409;6479;698;734;786;806;9;995
Seville,1062;1140;1365;2296;230;2565;269;2771;2797;3156;3263;3356;3562;3653;3797;4619;4666;5574;5610;5830;614;6361
Shanghai,1044;1048;1481;1541;1584;1651;1672;1747;1751;1823;1925;2042;2249;2405;2605;2663;2702;278;3047;3261;3364;345;36;3663;3664;3786;3856;4011;4378;4550;4553;4664;4715;4807;4994;5230;5284;5712;5772;5776;5985;605;6147;6190;6259;6401;6423;71;878
Sharjah,4789;5551
Sheffield,1372;1947;2900;3024;3039;3186
Shimonoseki,20;2188;2555;2688;2735;3104;3290;3306;3689;3725;4203;4272;4454;5008;5210;5213;5949;5981
Singapore,1002;1007;1008;1009;1021;1033;1051;1061;1063;1104;1106;1108;111;1113;1115;1120;1123;1127;1150;1152;1153;1162;1164;1167;1168;1179;1180;1183;1204;1222;1238;1244;1253;1264;1279;1288;1292;1293;1296;13;1303;1306;1319;1348;1349;136;1366;137;138;1385;1386;1394;1403;1404;1419;1440;1442;1447;1449;1452;1455;1462;1473;1474;1491;1495;1496;1511;1516;1518;1519;1520;1522;1568;1578;1579;1586;1601;1604;1612;1623;1625;1626;1629;1635;1636;1637;1646;1696;1710;1720;1736;1739;1740;1753;1758;1763;1765;1769;1771;1774;1778;1787;1788;1794;1795;1800;1801;1802;1810;1822;1825;184;1851;1855;1865;1884;1893;1894;1899;1908;1911;1915;1918;1921;1922;193;1933;1934;1940;1950;1952;1955;1965;1968;197;1973;1974;1976;1978;1987;1988;1989;200;201;2018;2030;2032;2048;2049;2060;2070;2075;2079;2081;2083;2101;2104;211;2117;2120;2135;2137;2168;217;2172;2174;2182;2195;2199;2200;2202;2205;2207;221;2212;2214;2219;222;2224;2246;2256;2268;2269;2280;2284;2285;2288;2294;2307;2318;2325;2326;2334;2335;2351;2352;2374;2376;2382;2430;2440;2443;2444;2459;2469;2479;248;2511;2522;2528;253;2544;2545;255;2550;2556;2559;2562;2579;2582;2583;2589;2590;2591;2596;2616;262;2622;2628;2636;2637;2641;2656;2659;2677;268;2689;2691;2713;2714;272;273;2744;2770;2774;2782;2783;280;2800;2801;2807;281;282;2824;2826;2835;2864;2868;288;2882;2922;2927;2934;2949;297;2975;2976;2981;299;3005;3013;3020;3029;3048;3049;3057;3062;3074;309;31;3100;313;3138;3143;3148;315;3154;3157;3163;32;3200;3201;3211;3234;327;3272;3274;3282;3294;3315;3321;3326;3329;3330;334;3340;3349;3365;3366;3383;3385;3394;3401;3413;3414;3419;3438;3454;3463;3467;347;3492;3494;350;3509;3511;3514;3515;3528;3539;3540;3545;3555;3582;3588;3589;3591;3594;36;3601;3603;361;3612;362;3654;3680;370;3716;3717;3719;3731;3733;3741;3743;3747;3772;3782;38;381;3825;383;3830;3833;3839;3845;3847;386;3880;3886;3890;3897;3899;3901;3908;3912;3941;3949;3952;3966;3969;3974;3988;4024;4039;4046;4053;4057;4059;4116;4118;4145;4162;4171;4177;421;4227;4228;4234;4241;4244;4249;4254;426;4275;4279;4285;4290;4296;4303;4318;4319;4325;4363;4364;44;4405;441;4411;4413;4425;4426;4427;4449;4455;4480;4483;4491;4494;4499;450;4501;4502;4522;4546;4551;4555;459;4596;46;4601;4623;4644;4653;4661;4669;4671;4681;4687;4705;4712;4729;4739;4774;4777;4778;4796;4797;4802;4811;482;4846;4853;4856;4870;4873;4917;4925;4934;495;498;5013;5020;5033;5046;5067;5079;5083;5107;5111;5112;5120;5125;5142;5144;5163;5177;5183;5185;5188;5190;5191;5198;52;5202;5203;5219;522;523;5283;5290;5293;53;5305;5309;5316;5317;5350;536;5374;5396;54;5413;5436;5443;5452;5460;5471;5474;5492;552;5524;5525;5534;5555;5559;5569;5572;5576;558;5584;5587;5588;5593;5601;5606;5611;5621;5626;5627;5635;5654;5659;5674;5682;5684;5686;5698;57;5700;5709;5724;5729;5752;5756;5766;5775;5781;5795;5804;5810;5815;5817;5822;5842;585;5855;5856;5857;5899;5905;5906;591;5911;594;5945;5947;5951;5956;5980;5982;5988;5994;5995;5996;5999;6016;6025;6042;6045;6060;6066;6073;6075;6079;6099;6101;6104;6108;6112;6126;6136;6143;6147;615;6156;6160;6170;6174;6180;6182;620;6216;6240;6258;6260;6274;6287;6301;6311;6318;6333;6344;6347;6352;6353;6354;6377;6379;6396;640;6402;6417;642;6430;6440;6458;6460;6461;6462;6463;6480;6483;6487;6492;6495;6517;6520;6523;656;661;674;677;683;686;695;700;703;706;71;72;725;743;766;776;778;780;782;783;784;785;790;800;813;815;817;824;830;834;838;844;851;864;879;882;899;901;910;922;923;943;946;96;963;975;982;986
Smolensk,1196;1836;2221;2427;2458;2766;3275;3465;3780;4127;4176;4185;4388;4665;5140;5604;5694;6297;653
Sofia,1230;1813;1826;2063;2203;3471;380;3831;4347;5242;568;5866;5884;5902
Stockholm,1036;1066;1613;1668;1850;2319;2613;2939;3178;3336;3347;3507;3691;3707;3862;3982;424;4337;4420;4470;4708;5212;5239;5281;5743;5787;5860;6084;6100;6390;6489;675;858;938;985
Stuttgart,1427;2492;2996;3643;4066;4356;5133;5954
Taipei,1281;1787;2211;2227;2315;2706;3920;4060;4225;5005;5230;5451;5646;842;898
Talca,1110;1324;1737;2530;2651;2753;2837;2941;2994;3453;3645;3646;4077;4093;4700;4775;4897;5759;6410;887
Tallinn,1157;1239;1982;4;463;4931;509;6232;6412
Tel Aviv-Yafo,169;1755;1886;2536;2629;2678;2696;326;374;3992;4475;5010;5590;5741;6018;931
Tunis,1257;1621;1938;2494;2805;3000;3614;3795;3915;4404;4479;5084;5550;5608;5738;5762;5850;5898;5969;6050;6137;6204;6319;6349;6451;6504;856;889
Valencia,1406;1482;1648;2015;2142;2336;2542;2743;3152;3171;3262;3295;3475;3627;4220;4288;4841;5021;5181;5235;5517;599;6032;6214;6219;6292;6343;6384;74
Vienna,1295;1487;161;1617;1711;1730;1826;1964;2151;2244;2292;2961;3101;3449;3617;3978;4548;5948;5974;6012
Warsaw,2162;2440;3276;3556;3568;3633;4224;4688;4772
Zonguldak,1111;4482
Zurich,160;2776;3180;4015;4204;5310;5750
